% latex table generated in R 4.0.3 by xtable 1.8-4 package
% Wed Apr 20 17:57:13 2022
Optimism & Innovativeness & Insecurity & disposition\_to\_privacy & trust & perceived\_risk & perceived\_benefit\_for\_society & potential\_of\_disruption & usefulness & usage\_intention & experience \\ 
 1.00 & 0.71 & 0.41 & 0.22 & 0.55 & 0.39 & 0.55 & 0.49 & 0.54 & 0.52 & 0.38 \\ 
  0.71 & 1.00 & 0.36 & 0.13 & 0.37 & 0.39 & 0.37 & 0.29 & 0.35 & 0.51 & 0.66 \\ 
  0.41 & 0.36 & 1.00 & 0.36 & 0.19 & 0.35 & 0.33 & 0.12 & 0.19 & 0.26 & 0.21 \\ 
  0.22 & 0.13 & 0.36 & 1.00 & 0.21 & 0.25 & 0.27 & 0.13 & 0.19 & 0.18 & 0.09 \\ 
  0.55 & 0.37 & 0.19 & 0.21 & 1.00 & 0.64 & 0.89 & 0.73 & 0.70 & 0.69 & 0.39 \\ 
  0.39 & 0.39 & 0.35 & 0.25 & 0.64 & 1.00 & 0.93 & 0.56 & 0.55 & 0.72 & 0.47 \\ 
  0.55 & 0.37 & 0.33 & 0.27 & 0.89 & 0.93 & 1.00 & 0.84 & 0.79 & 0.78 & 0.41 \\ 
  0.49 & 0.29 & 0.12 & 0.13 & 0.73 & 0.56 & 0.84 & 1.00 & 0.71 & 0.66 & 0.36 \\ 
  0.54 & 0.35 & 0.19 & 0.19 & 0.70 & 0.55 & 0.79 & 0.71 & 1.00 & 0.70 & 0.40 \\ 
  0.52 & 0.51 & 0.26 & 0.18 & 0.69 & 0.72 & 0.78 & 0.66 & 0.70 & 1.00 & 0.60 \\ 
  0.38 & 0.66 & 0.21 & 0.09 & 0.39 & 0.47 & 0.41 & 0.36 & 0.40 & 0.60 & 1.00 \\ 
   \hline
